{"cells":[{"cell_type":"code","execution_count":null,"metadata":{"id":"nbTyCnuPP-2M"},"outputs":[],"source":["from google.colab import drive"]},{"cell_type":"code","execution_count":null,"metadata":{"colab":{"base_uri":"https://localhost:8080/"},"executionInfo":{"elapsed":2976,"status":"ok","timestamp":1702893500390,"user":{"displayName":"Junaid ahmed","userId":"02049395635320812576"},"user_tz":480},"id":"sd6ykxeZR5O5","outputId":"47cf06b2-7f9a-4f6e-b32b-17588e97889c"},"outputs":[{"name":"stdout","output_type":"stream","text":["Drive already mounted at /content/drive; to attempt to forcibly remount, call drive.mount(\"/content/drive\", force_remount=True).\n"]}],"source":["drive.mount('/content/drive')"]},{"cell_type":"code","execution_count":null,"metadata":{"id":"qBySYZDRSFSU"},"outputs":[],"source":["import pandas as pd\n","import numpy as np\n","import matplotlib.pyplot as plt\n","import seaborn as sns"]},{"cell_type":"code","execution_count":null,"metadata":{"id":"qi1Lyz0KSZVG"},"outputs":[],"source":["path=\"/content/drive/MyDrive/houses.csv\"\n","df=pd.read_csv(path)"]},{"cell_type":"code","execution_count":null,"metadata":{"colab":{"base_uri":"https://localhost:8080/","height":226},"executionInfo":{"elapsed":18,"status":"ok","timestamp":1702893500391,"user":{"displayName":"Junaid ahmed","userId":"02049395635320812576"},"user_tz":480},"id":"ph4FxLWxSlcT","outputId":"26ab3212-c884-422a-9be2-a7918a270572"},"outputs":[{"data":{"text/html":["\n","  <div id=\"df-e7f3b00e-8def-4a33-839c-54a52c9a8af0\" class=\"colab-df-container\">\n","    <div>\n","<style scoped>\n","    .dataframe tbody tr th:only-of-type {\n","        vertical-align: middle;\n","    }\n","\n","    .dataframe tbody tr th {\n","        vertical-align: top;\n","    }\n","\n","    .dataframe thead th {\n","        text-align: right;\n","    }\n","</style>\n","<table border=\"1\" class=\"dataframe\">\n","  <thead>\n","    <tr style=\"text-align: right;\">\n","      <th></th>\n","      <th>bedrooms</th>\n","      <th>bathrooms</th>\n","      <th>sqft_living</th>\n","      <th>sqft_lot</th>\n","      <th>floors</th>\n","      <th>waterfront</th>\n","      <th>view</th>\n","      <th>condition</th>\n","      <th>grade</th>\n","      <th>sqft_above</th>\n","      <th>sqft_basement</th>\n","      <th>yr_built</th>\n","      <th>yr_renovated</th>\n","      <th>zipcode</th>\n","      <th>lat</th>\n","      <th>long</th>\n","      <th>sqft_living15</th>\n","      <th>price</th>\n","    </tr>\n","  </thead>\n","  <tbody>\n","    <tr>\n","      <th>0</th>\n","      <td>3.0</td>\n","      <td>1.00</td>\n","      <td>1180.0</td>\n","      <td>5650.0</td>\n","      <td>1.0</td>\n","      <td>0.0</td>\n","      <td>0.0</td>\n","      <td>3.0</td>\n","      <td>7.0</td>\n","      <td>1180.0</td>\n","      <td>0.0</td>\n","      <td>1955.0</td>\n","      <td>0.0</td>\n","      <td>98178.0</td>\n","      <td>47.5112</td>\n","      <td>-122.257</td>\n","      <td>1340.0</td>\n","      <td>22.19</td>\n","    </tr>\n","    <tr>\n","      <th>1</th>\n","      <td>3.0</td>\n","      <td>2.25</td>\n","      <td>2570.0</td>\n","      <td>7242.0</td>\n","      <td>2.0</td>\n","      <td>0.0</td>\n","      <td>0.0</td>\n","      <td>3.0</td>\n","      <td>7.0</td>\n","      <td>2170.0</td>\n","      <td>400.0</td>\n","      <td>1951.0</td>\n","      <td>1991.0</td>\n","      <td>98125.0</td>\n","      <td>47.7210</td>\n","      <td>-122.319</td>\n","      <td>1690.0</td>\n","      <td>53.80</td>\n","    </tr>\n","    <tr>\n","      <th>2</th>\n","      <td>2.0</td>\n","      <td>1.00</td>\n","      <td>770.0</td>\n","      <td>10000.0</td>\n","      <td>1.0</td>\n","      <td>0.0</td>\n","      <td>0.0</td>\n","      <td>3.0</td>\n","      <td>6.0</td>\n","      <td>770.0</td>\n","      <td>0.0</td>\n","      <td>1933.0</td>\n","      <td>0.0</td>\n","      <td>98028.0</td>\n","      <td>47.7379</td>\n","      <td>-122.233</td>\n","      <td>2720.0</td>\n","      <td>18.00</td>\n","    </tr>\n","    <tr>\n","      <th>3</th>\n","      <td>4.0</td>\n","      <td>3.00</td>\n","      <td>1960.0</td>\n","      <td>5000.0</td>\n","      <td>1.0</td>\n","      <td>0.0</td>\n","      <td>0.0</td>\n","      <td>5.0</td>\n","      <td>7.0</td>\n","      <td>1050.0</td>\n","      <td>910.0</td>\n","      <td>1965.0</td>\n","      <td>0.0</td>\n","      <td>98136.0</td>\n","      <td>47.5208</td>\n","      <td>-122.393</td>\n","      <td>1360.0</td>\n","      <td>60.40</td>\n","    </tr>\n","    <tr>\n","      <th>4</th>\n","      <td>3.0</td>\n","      <td>2.00</td>\n","      <td>1680.0</td>\n","      <td>8080.0</td>\n","      <td>1.0</td>\n","      <td>0.0</td>\n","      <td>0.0</td>\n","      <td>3.0</td>\n","      <td>8.0</td>\n","      <td>1680.0</td>\n","      <td>0.0</td>\n","      <td>1987.0</td>\n","      <td>0.0</td>\n","      <td>98074.0</td>\n","      <td>47.6168</td>\n","      <td>-122.045</td>\n","      <td>1800.0</td>\n","      <td>51.00</td>\n","    </tr>\n","  </tbody>\n","</table>\n","</div>\n","    <div class=\"colab-df-buttons\">\n","\n","  <div class=\"colab-df-container\">\n","    <button class=\"colab-df-convert\" onclick=\"convertToInteractive('df-e7f3b00e-8def-4a33-839c-54a52c9a8af0')\"\n","            title=\"Convert this dataframe to an interactive table.\"\n","            style=\"display:none;\">\n","\n","  <svg xmlns=\"http://www.w3.org/2000/svg\" height=\"24px\" viewBox=\"0 -960 960 960\">\n","    <path d=\"M120-120v-720h720v720H120Zm60-500h600v-160H180v160Zm220 220h160v-160H400v160Zm0 220h160v-160H400v160ZM180-400h160v-160H180v160Zm440 0h160v-160H620v160ZM180-180h160v-160H180v160Zm440 0h160v-160H620v160Z\"/>\n","  </svg>\n","    </button>\n","\n","  <style>\n","    .colab-df-container {\n","      display:flex;\n","      gap: 12px;\n","    }\n","\n","    .colab-df-convert {\n","      background-color: #E8F0FE;\n","      border: none;\n","      border-radius: 50%;\n","      cursor: pointer;\n","      display: none;\n","      fill: #1967D2;\n","      height: 32px;\n","      padding: 0 0 0 0;\n","      width: 32px;\n","    }\n","\n","    .colab-df-convert:hover {\n","      background-color: #E2EBFA;\n","      box-shadow: 0px 1px 2px rgba(60, 64, 67, 0.3), 0px 1px 3px 1px rgba(60, 64, 67, 0.15);\n","      fill: #174EA6;\n","    }\n","\n","    .colab-df-buttons div {\n","      margin-bottom: 4px;\n","    }\n","\n","    [theme=dark] .colab-df-convert {\n","      background-color: #3B4455;\n","      fill: #D2E3FC;\n","    }\n","\n","    [theme=dark] .colab-df-convert:hover {\n","      background-color: #434B5C;\n","      box-shadow: 0px 1px 3px 1px rgba(0, 0, 0, 0.15);\n","      filter: drop-shadow(0px 1px 2px rgba(0, 0, 0, 0.3));\n","      fill: #FFFFFF;\n","    }\n","  </style>\n","\n","    <script>\n","      const buttonEl =\n","        document.querySelector('#df-e7f3b00e-8def-4a33-839c-54a52c9a8af0 button.colab-df-convert');\n","      buttonEl.style.display =\n","        google.colab.kernel.accessAllowed ? 'block' : 'none';\n","\n","      async function convertToInteractive(key) {\n","        const element = document.querySelector('#df-e7f3b00e-8def-4a33-839c-54a52c9a8af0');\n","        const dataTable =\n","          await google.colab.kernel.invokeFunction('convertToInteractive',\n","                                                    [key], {});\n","        if (!dataTable) return;\n","\n","        const docLinkHtml = 'Like what you see? Visit the ' +\n","          '<a target=\"_blank\" href=https://colab.research.google.com/notebooks/data_table.ipynb>data table notebook</a>'\n","          + ' to learn more about interactive tables.';\n","        element.innerHTML = '';\n","        dataTable['output_type'] = 'display_data';\n","        await google.colab.output.renderOutput(dataTable, element);\n","        const docLink = document.createElement('div');\n","        docLink.innerHTML = docLinkHtml;\n","        element.appendChild(docLink);\n","      }\n","    </script>\n","  </div>\n","\n","\n","<div id=\"df-1a768b2f-cffc-4e3a-a35b-0f87681701e1\">\n","  <button class=\"colab-df-quickchart\" onclick=\"quickchart('df-1a768b2f-cffc-4e3a-a35b-0f87681701e1')\"\n","            title=\"Suggest charts\"\n","            style=\"display:none;\">\n","\n","<svg xmlns=\"http://www.w3.org/2000/svg\" height=\"24px\"viewBox=\"0 0 24 24\"\n","     width=\"24px\">\n","    <g>\n","        <path d=\"M19 3H5c-1.1 0-2 .9-2 2v14c0 1.1.9 2 2 2h14c1.1 0 2-.9 2-2V5c0-1.1-.9-2-2-2zM9 17H7v-7h2v7zm4 0h-2V7h2v10zm4 0h-2v-4h2v4z\"/>\n","    </g>\n","</svg>\n","  </button>\n","\n","<style>\n","  .colab-df-quickchart {\n","      --bg-color: #E8F0FE;\n","      --fill-color: #1967D2;\n","      --hover-bg-color: #E2EBFA;\n","      --hover-fill-color: #174EA6;\n","      --disabled-fill-color: #AAA;\n","      --disabled-bg-color: #DDD;\n","  }\n","\n","  [theme=dark] .colab-df-quickchart {\n","      --bg-color: #3B4455;\n","      --fill-color: #D2E3FC;\n","      --hover-bg-color: #434B5C;\n","      --hover-fill-color: #FFFFFF;\n","      --disabled-bg-color: #3B4455;\n","      --disabled-fill-color: #666;\n","  }\n","\n","  .colab-df-quickchart {\n","    background-color: var(--bg-color);\n","    border: none;\n","    border-radius: 50%;\n","    cursor: pointer;\n","    display: none;\n","    fill: var(--fill-color);\n","    height: 32px;\n","    padding: 0;\n","    width: 32px;\n","  }\n","\n","  .colab-df-quickchart:hover {\n","    background-color: var(--hover-bg-color);\n","    box-shadow: 0 1px 2px rgba(60, 64, 67, 0.3), 0 1px 3px 1px rgba(60, 64, 67, 0.15);\n","    fill: var(--button-hover-fill-color);\n","  }\n","\n","  .colab-df-quickchart-complete:disabled,\n","  .colab-df-quickchart-complete:disabled:hover {\n","    background-color: var(--disabled-bg-color);\n","    fill: var(--disabled-fill-color);\n","    box-shadow: none;\n","  }\n","\n","  .colab-df-spinner {\n","    border: 2px solid var(--fill-color);\n","    border-color: transparent;\n","    border-bottom-color: var(--fill-color);\n","    animation:\n","      spin 1s steps(1) infinite;\n","  }\n","\n","  @keyframes spin {\n","    0% {\n","      border-color: transparent;\n","      border-bottom-color: var(--fill-color);\n","      border-left-color: var(--fill-color);\n","    }\n","    20% {\n","      border-color: transparent;\n","      border-left-color: var(--fill-color);\n","      border-top-color: var(--fill-color);\n","    }\n","    30% {\n","      border-color: transparent;\n","      border-left-color: var(--fill-color);\n","      border-top-color: var(--fill-color);\n","      border-right-color: var(--fill-color);\n","    }\n","    40% {\n","      border-color: transparent;\n","      border-right-color: var(--fill-color);\n","      border-top-color: var(--fill-color);\n","    }\n","    60% {\n","      border-color: transparent;\n","      border-right-color: var(--fill-color);\n","    }\n","    80% {\n","      border-color: transparent;\n","      border-right-color: var(--fill-color);\n","      border-bottom-color: var(--fill-color);\n","    }\n","    90% {\n","      border-color: transparent;\n","      border-bottom-color: var(--fill-color);\n","    }\n","  }\n","</style>\n","\n","  <script>\n","    async function quickchart(key) {\n","      const quickchartButtonEl =\n","        document.querySelector('#' + key + ' button');\n","      quickchartButtonEl.disabled = true;  // To prevent multiple clicks.\n","      quickchartButtonEl.classList.add('colab-df-spinner');\n","      try {\n","        const charts = await google.colab.kernel.invokeFunction(\n","            'suggestCharts', [key], {});\n","      } catch (error) {\n","        console.error('Error during call to suggestCharts:', error);\n","      }\n","      quickchartButtonEl.classList.remove('colab-df-spinner');\n","      quickchartButtonEl.classList.add('colab-df-quickchart-complete');\n","    }\n","    (() => {\n","      let quickchartButtonEl =\n","        document.querySelector('#df-1a768b2f-cffc-4e3a-a35b-0f87681701e1 button');\n","      quickchartButtonEl.style.display =\n","        google.colab.kernel.accessAllowed ? 'block' : 'none';\n","    })();\n","  </script>\n","</div>\n","\n","    </div>\n","  </div>\n"],"text/plain":["   bedrooms  bathrooms  sqft_living  sqft_lot  floors  waterfront  view  \\\n","0       3.0       1.00       1180.0    5650.0     1.0         0.0   0.0   \n","1       3.0       2.25       2570.0    7242.0     2.0         0.0   0.0   \n","2       2.0       1.00        770.0   10000.0     1.0         0.0   0.0   \n","3       4.0       3.00       1960.0    5000.0     1.0         0.0   0.0   \n","4       3.0       2.00       1680.0    8080.0     1.0         0.0   0.0   \n","\n","   condition  grade  sqft_above  sqft_basement  yr_built  yr_renovated  \\\n","0        3.0    7.0      1180.0            0.0    1955.0           0.0   \n","1        3.0    7.0      2170.0          400.0    1951.0        1991.0   \n","2        3.0    6.0       770.0            0.0    1933.0           0.0   \n","3        5.0    7.0      1050.0          910.0    1965.0           0.0   \n","4        3.0    8.0      1680.0            0.0    1987.0           0.0   \n","\n","   zipcode      lat     long  sqft_living15  price  \n","0  98178.0  47.5112 -122.257         1340.0  22.19  \n","1  98125.0  47.7210 -122.319         1690.0  53.80  \n","2  98028.0  47.7379 -122.233         2720.0  18.00  \n","3  98136.0  47.5208 -122.393         1360.0  60.40  \n","4  98074.0  47.6168 -122.045         1800.0  51.00  "]},"execution_count":545,"metadata":{},"output_type":"execute_result"}],"source":["df.head()"]},{"cell_type":"code","execution_count":null,"metadata":{"colab":{"base_uri":"https://localhost:8080/"},"executionInfo":{"elapsed":16,"status":"ok","timestamp":1702893500391,"user":{"displayName":"Junaid ahmed","userId":"02049395635320812576"},"user_tz":480},"id":"1MQE7QgpSnM8","outputId":"bba5abcd-76fe-4876-9580-419d9c05c68f"},"outputs":[{"data":{"text/plain":["(1000, 18)"]},"execution_count":546,"metadata":{},"output_type":"execute_result"}],"source":["df.shape"]},{"cell_type":"code","execution_count":null,"metadata":{"colab":{"base_uri":"https://localhost:8080/","height":634},"executionInfo":{"elapsed":12,"status":"ok","timestamp":1702893500391,"user":{"displayName":"Junaid ahmed","userId":"02049395635320812576"},"user_tz":480},"id":"MVrfW6SETY7u","outputId":"4780108f-17f5-4da1-cd12-1e48e6cc31a0"},"outputs":[{"data":{"text/html":["\n","  <div id=\"df-7c9a34bf-d69e-490a-afe9-e6b6579988dc\" class=\"colab-df-container\">\n","    <div>\n","<style scoped>\n","    .dataframe tbody tr th:only-of-type {\n","        vertical-align: middle;\n","    }\n","\n","    .dataframe tbody tr th {\n","        vertical-align: top;\n","    }\n","\n","    .dataframe thead th {\n","        text-align: right;\n","    }\n","</style>\n","<table border=\"1\" class=\"dataframe\">\n","  <thead>\n","    <tr style=\"text-align: right;\">\n","      <th></th>\n","      <th>bedrooms</th>\n","      <th>bathrooms</th>\n","      <th>sqft_living</th>\n","      <th>sqft_lot</th>\n","      <th>floors</th>\n","      <th>waterfront</th>\n","      <th>view</th>\n","      <th>condition</th>\n","      <th>grade</th>\n","      <th>sqft_above</th>\n","      <th>sqft_basement</th>\n","      <th>yr_built</th>\n","      <th>yr_renovated</th>\n","      <th>zipcode</th>\n","      <th>lat</th>\n","      <th>long</th>\n","      <th>sqft_living15</th>\n","      <th>price</th>\n","    </tr>\n","  </thead>\n","  <tbody>\n","    <tr>\n","      <th>bedrooms</th>\n","      <td>1.000000</td>\n","      <td>0.482798</td>\n","      <td>0.559241</td>\n","      <td>0.080920</td>\n","      <td>0.185199</td>\n","      <td>-0.050026</td>\n","      <td>0.032564</td>\n","      <td>0.056094</td>\n","      <td>0.380440</td>\n","      <td>0.473182</td>\n","      <td>0.272198</td>\n","      <td>0.130048</td>\n","      <td>0.045829</td>\n","      <td>-0.188933</td>\n","      <td>-0.002473</td>\n","      <td>0.117745</td>\n","      <td>0.405484</td>\n","      <td>0.306886</td>\n","    </tr>\n","    <tr>\n","      <th>bathrooms</th>\n","      <td>0.482798</td>\n","      <td>1.000000</td>\n","      <td>0.722383</td>\n","      <td>0.151901</td>\n","      <td>0.465510</td>\n","      <td>0.064334</td>\n","      <td>0.149843</td>\n","      <td>-0.079503</td>\n","      <td>0.664543</td>\n","      <td>0.655316</td>\n","      <td>0.274319</td>\n","      <td>0.501625</td>\n","      <td>0.034624</td>\n","      <td>-0.259597</td>\n","      <td>0.043276</td>\n","      <td>0.272425</td>\n","      <td>0.617032</td>\n","      <td>0.487360</td>\n","    </tr>\n","    <tr>\n","      <th>sqft_living</th>\n","      <td>0.559241</td>\n","      <td>0.722383</td>\n","      <td>1.000000</td>\n","      <td>0.228735</td>\n","      <td>0.351308</td>\n","      <td>0.101884</td>\n","      <td>0.295227</td>\n","      <td>0.006140</td>\n","      <td>0.776031</td>\n","      <td>0.861978</td>\n","      <td>0.458924</td>\n","      <td>0.294729</td>\n","      <td>0.051350</td>\n","      <td>-0.228496</td>\n","      <td>0.128400</td>\n","      <td>0.227880</td>\n","      <td>0.807157</td>\n","      <td>0.704948</td>\n","    </tr>\n","    <tr>\n","      <th>sqft_lot</th>\n","      <td>0.080920</td>\n","      <td>0.151901</td>\n","      <td>0.228735</td>\n","      <td>1.000000</td>\n","      <td>-0.010792</td>\n","      <td>0.039220</td>\n","      <td>0.055195</td>\n","      <td>-0.023364</td>\n","      <td>0.138684</td>\n","      <td>0.250410</td>\n","      <td>0.011653</td>\n","      <td>0.118462</td>\n","      <td>-0.017932</td>\n","      <td>-0.134003</td>\n","      <td>0.012487</td>\n","      <td>0.286567</td>\n","      <td>0.273712</td>\n","      <td>0.146680</td>\n","    </tr>\n","    <tr>\n","      <th>floors</th>\n","      <td>0.185199</td>\n","      <td>0.465510</td>\n","      <td>0.351308</td>\n","      <td>-0.010792</td>\n","      <td>1.000000</td>\n","      <td>-0.012500</td>\n","      <td>-0.013728</td>\n","      <td>-0.201886</td>\n","      <td>0.422261</td>\n","      <td>0.550499</td>\n","      <td>-0.272861</td>\n","      <td>0.398802</td>\n","      <td>0.031372</td>\n","      <td>-0.047269</td>\n","      <td>0.086412</td>\n","      <td>0.162511</td>\n","      <td>0.289369</td>\n","      <td>0.239497</td>\n","    </tr>\n","    <tr>\n","      <th>waterfront</th>\n","      <td>-0.050026</td>\n","      <td>0.064334</td>\n","      <td>0.101884</td>\n","      <td>0.039220</td>\n","      <td>-0.012500</td>\n","      <td>1.000000</td>\n","      <td>0.397841</td>\n","      <td>0.053522</td>\n","      <td>0.078947</td>\n","      <td>0.058085</td>\n","      <td>0.098874</td>\n","      <td>-0.013246</td>\n","      <td>0.037573</td>\n","      <td>0.027472</td>\n","      <td>-0.026438</td>\n","      <td>-0.061491</td>\n","      <td>0.112337</td>\n","      <td>0.317311</td>\n","    </tr>\n","    <tr>\n","      <th>view</th>\n","      <td>0.032564</td>\n","      <td>0.149843</td>\n","      <td>0.295227</td>\n","      <td>0.055195</td>\n","      <td>-0.013728</td>\n","      <td>0.397841</td>\n","      <td>1.000000</td>\n","      <td>0.089078</td>\n","      <td>0.235101</td>\n","      <td>0.144443</td>\n","      <td>0.328337</td>\n","      <td>-0.039324</td>\n","      <td>0.041248</td>\n","      <td>0.045996</td>\n","      <td>0.031193</td>\n","      <td>-0.094165</td>\n","      <td>0.317280</td>\n","      <td>0.445190</td>\n","    </tr>\n","    <tr>\n","      <th>condition</th>\n","      <td>0.056094</td>\n","      <td>-0.079503</td>\n","      <td>0.006140</td>\n","      <td>-0.023364</td>\n","      <td>-0.201886</td>\n","      <td>0.053522</td>\n","      <td>0.089078</td>\n","      <td>1.000000</td>\n","      <td>-0.061347</td>\n","      <td>-0.086372</td>\n","      <td>0.163470</td>\n","      <td>-0.317137</td>\n","      <td>-0.074066</td>\n","      <td>0.030537</td>\n","      <td>-0.060439</td>\n","      <td>-0.158939</td>\n","      <td>-0.046798</td>\n","      <td>0.073413</td>\n","    </tr>\n","    <tr>\n","      <th>grade</th>\n","      <td>0.380440</td>\n","      <td>0.664543</td>\n","      <td>0.776031</td>\n","      <td>0.138684</td>\n","      <td>0.422261</td>\n","      <td>0.078947</td>\n","      <td>0.235101</td>\n","      <td>-0.061347</td>\n","      <td>1.000000</td>\n","      <td>0.754809</td>\n","      <td>0.205613</td>\n","      <td>0.431182</td>\n","      <td>0.001580</td>\n","      <td>-0.207707</td>\n","      <td>0.140159</td>\n","      <td>0.215286</td>\n","      <td>0.744724</td>\n","      <td>0.647845</td>\n","    </tr>\n","    <tr>\n","      <th>sqft_above</th>\n","      <td>0.473182</td>\n","      <td>0.655316</td>\n","      <td>0.861978</td>\n","      <td>0.250410</td>\n","      <td>0.550499</td>\n","      <td>0.058085</td>\n","      <td>0.144443</td>\n","      <td>-0.086372</td>\n","      <td>0.754809</td>\n","      <td>1.000000</td>\n","      <td>-0.054825</td>\n","      <td>0.390261</td>\n","      <td>0.024989</td>\n","      <td>-0.253745</td>\n","      <td>0.059706</td>\n","      <td>0.340541</td>\n","      <td>0.763250</td>\n","      <td>0.582805</td>\n","    </tr>\n","    <tr>\n","      <th>sqft_basement</th>\n","      <td>0.272198</td>\n","      <td>0.274319</td>\n","      <td>0.458924</td>\n","      <td>0.011653</td>\n","      <td>-0.272861</td>\n","      <td>0.098874</td>\n","      <td>0.328337</td>\n","      <td>0.163470</td>\n","      <td>0.205613</td>\n","      <td>-0.054825</td>\n","      <td>1.000000</td>\n","      <td>-0.103466</td>\n","      <td>0.057344</td>\n","      <td>-0.005338</td>\n","      <td>0.148260</td>\n","      <td>-0.147994</td>\n","      <td>0.252128</td>\n","      <td>0.367061</td>\n","    </tr>\n","    <tr>\n","      <th>yr_built</th>\n","      <td>0.130048</td>\n","      <td>0.501625</td>\n","      <td>0.294729</td>\n","      <td>0.118462</td>\n","      <td>0.398802</td>\n","      <td>-0.013246</td>\n","      <td>-0.039324</td>\n","      <td>-0.317137</td>\n","      <td>0.431182</td>\n","      <td>0.390261</td>\n","      <td>-0.103466</td>\n","      <td>1.000000</td>\n","      <td>-0.271667</td>\n","      <td>-0.400686</td>\n","      <td>-0.168763</td>\n","      <td>0.467419</td>\n","      <td>0.341586</td>\n","      <td>0.016690</td>\n","    </tr>\n","    <tr>\n","      <th>yr_renovated</th>\n","      <td>0.045829</td>\n","      <td>0.034624</td>\n","      <td>0.051350</td>\n","      <td>-0.017932</td>\n","      <td>0.031372</td>\n","      <td>0.037573</td>\n","      <td>0.041248</td>\n","      <td>-0.074066</td>\n","      <td>0.001580</td>\n","      <td>0.024989</td>\n","      <td>0.057344</td>\n","      <td>-0.271667</td>\n","      <td>1.000000</td>\n","      <td>0.097084</td>\n","      <td>0.057549</td>\n","      <td>-0.098920</td>\n","      <td>-0.008008</td>\n","      <td>0.146249</td>\n","    </tr>\n","    <tr>\n","      <th>zipcode</th>\n","      <td>-0.188933</td>\n","      <td>-0.259597</td>\n","      <td>-0.228496</td>\n","      <td>-0.134003</td>\n","      <td>-0.047269</td>\n","      <td>0.027472</td>\n","      <td>0.045996</td>\n","      <td>0.030537</td>\n","      <td>-0.207707</td>\n","      <td>-0.253745</td>\n","      <td>-0.005338</td>\n","      <td>-0.400686</td>\n","      <td>0.097084</td>\n","      <td>1.000000</td>\n","      <td>0.252682</td>\n","      <td>-0.524034</td>\n","      <td>-0.299192</td>\n","      <td>-0.066212</td>\n","    </tr>\n","    <tr>\n","      <th>lat</th>\n","      <td>-0.002473</td>\n","      <td>0.043276</td>\n","      <td>0.128400</td>\n","      <td>0.012487</td>\n","      <td>0.086412</td>\n","      <td>-0.026438</td>\n","      <td>0.031193</td>\n","      <td>-0.060439</td>\n","      <td>0.140159</td>\n","      <td>0.059706</td>\n","      <td>0.148260</td>\n","      <td>-0.168763</td>\n","      <td>0.057549</td>\n","      <td>0.252682</td>\n","      <td>1.000000</td>\n","      <td>-0.112873</td>\n","      <td>0.113763</td>\n","      <td>0.365141</td>\n","    </tr>\n","    <tr>\n","      <th>long</th>\n","      <td>0.117745</td>\n","      <td>0.272425</td>\n","      <td>0.227880</td>\n","      <td>0.286567</td>\n","      <td>0.162511</td>\n","      <td>-0.061491</td>\n","      <td>-0.094165</td>\n","      <td>-0.158939</td>\n","      <td>0.215286</td>\n","      <td>0.340541</td>\n","      <td>-0.147994</td>\n","      <td>0.467419</td>\n","      <td>-0.098920</td>\n","      <td>-0.524034</td>\n","      <td>-0.112873</td>\n","      <td>1.000000</td>\n","      <td>0.338845</td>\n","      <td>0.032656</td>\n","    </tr>\n","    <tr>\n","      <th>sqft_living15</th>\n","      <td>0.405484</td>\n","      <td>0.617032</td>\n","      <td>0.807157</td>\n","      <td>0.273712</td>\n","      <td>0.289369</td>\n","      <td>0.112337</td>\n","      <td>0.317280</td>\n","      <td>-0.046798</td>\n","      <td>0.744724</td>\n","      <td>0.763250</td>\n","      <td>0.252128</td>\n","      <td>0.341586</td>\n","      <td>-0.008008</td>\n","      <td>-0.299192</td>\n","      <td>0.113763</td>\n","      <td>0.338845</td>\n","      <td>1.000000</td>\n","      <td>0.645747</td>\n","    </tr>\n","    <tr>\n","      <th>price</th>\n","      <td>0.306886</td>\n","      <td>0.487360</td>\n","      <td>0.704948</td>\n","      <td>0.146680</td>\n","      <td>0.239497</td>\n","      <td>0.317311</td>\n","      <td>0.445190</td>\n","      <td>0.073413</td>\n","      <td>0.647845</td>\n","      <td>0.582805</td>\n","      <td>0.367061</td>\n","      <td>0.016690</td>\n","      <td>0.146249</td>\n","      <td>-0.066212</td>\n","      <td>0.365141</td>\n","      <td>0.032656</td>\n","      <td>0.645747</td>\n","      <td>1.000000</td>\n","    </tr>\n","  </tbody>\n","</table>\n","</div>\n","    <div class=\"colab-df-buttons\">\n","\n","  <div class=\"colab-df-container\">\n","    <button class=\"colab-df-convert\" onclick=\"convertToInteractive('df-7c9a34bf-d69e-490a-afe9-e6b6579988dc')\"\n","            title=\"Convert this dataframe to an interactive table.\"\n","            style=\"display:none;\">\n","\n","  <svg xmlns=\"http://www.w3.org/2000/svg\" height=\"24px\" viewBox=\"0 -960 960 960\">\n","    <path d=\"M120-120v-720h720v720H120Zm60-500h600v-160H180v160Zm220 220h160v-160H400v160Zm0 220h160v-160H400v160ZM180-400h160v-160H180v160Zm440 0h160v-160H620v160ZM180-180h160v-160H180v160Zm440 0h160v-160H620v160Z\"/>\n","  </svg>\n","    </button>\n","\n","  <style>\n","    .colab-df-container {\n","      display:flex;\n","      gap: 12px;\n","    }\n","\n","    .colab-df-convert {\n","      background-color: #E8F0FE;\n","      border: none;\n","      border-radius: 50%;\n","      cursor: pointer;\n","      display: none;\n","      fill: #1967D2;\n","      height: 32px;\n","      padding: 0 0 0 0;\n","      width: 32px;\n","    }\n","\n","    .colab-df-convert:hover {\n","      background-color: #E2EBFA;\n","      box-shadow: 0px 1px 2px rgba(60, 64, 67, 0.3), 0px 1px 3px 1px rgba(60, 64, 67, 0.15);\n","      fill: #174EA6;\n","    }\n","\n","    .colab-df-buttons div {\n","      margin-bottom: 4px;\n","    }\n","\n","    [theme=dark] .colab-df-convert {\n","      background-color: #3B4455;\n","      fill: #D2E3FC;\n","    }\n","\n","    [theme=dark] .colab-df-convert:hover {\n","      background-color: #434B5C;\n","      box-shadow: 0px 1px 3px 1px rgba(0, 0, 0, 0.15);\n","      filter: drop-shadow(0px 1px 2px rgba(0, 0, 0, 0.3));\n","      fill: #FFFFFF;\n","    }\n","  </style>\n","\n","    <script>\n","      const buttonEl =\n","        document.querySelector('#df-7c9a34bf-d69e-490a-afe9-e6b6579988dc button.colab-df-convert');\n","      buttonEl.style.display =\n","        google.colab.kernel.accessAllowed ? 'block' : 'none';\n","\n","      async function convertToInteractive(key) {\n","        const element = document.querySelector('#df-7c9a34bf-d69e-490a-afe9-e6b6579988dc');\n","        const dataTable =\n","          await google.colab.kernel.invokeFunction('convertToInteractive',\n","                                                    [key], {});\n","        if (!dataTable) return;\n","\n","        const docLinkHtml = 'Like what you see? Visit the ' +\n","          '<a target=\"_blank\" href=https://colab.research.google.com/notebooks/data_table.ipynb>data table notebook</a>'\n","          + ' to learn more about interactive tables.';\n","        element.innerHTML = '';\n","        dataTable['output_type'] = 'display_data';\n","        await google.colab.output.renderOutput(dataTable, element);\n","        const docLink = document.createElement('div');\n","        docLink.innerHTML = docLinkHtml;\n","        element.appendChild(docLink);\n","      }\n","    </script>\n","  </div>\n","\n","\n","<div id=\"df-b08f037b-7d28-4e3d-88c1-57f36b048b7d\">\n","  <button class=\"colab-df-quickchart\" onclick=\"quickchart('df-b08f037b-7d28-4e3d-88c1-57f36b048b7d')\"\n","            title=\"Suggest charts\"\n","            style=\"display:none;\">\n","\n","<svg xmlns=\"http://www.w3.org/2000/svg\" height=\"24px\"viewBox=\"0 0 24 24\"\n","     width=\"24px\">\n","    <g>\n","        <path d=\"M19 3H5c-1.1 0-2 .9-2 2v14c0 1.1.9 2 2 2h14c1.1 0 2-.9 2-2V5c0-1.1-.9-2-2-2zM9 17H7v-7h2v7zm4 0h-2V7h2v10zm4 0h-2v-4h2v4z\"/>\n","    </g>\n","</svg>\n","  </button>\n","\n","<style>\n","  .colab-df-quickchart {\n","      --bg-color: #E8F0FE;\n","      --fill-color: #1967D2;\n","      --hover-bg-color: #E2EBFA;\n","      --hover-fill-color: #174EA6;\n","      --disabled-fill-color: #AAA;\n","      --disabled-bg-color: #DDD;\n","  }\n","\n","  [theme=dark] .colab-df-quickchart {\n","      --bg-color: #3B4455;\n","      --fill-color: #D2E3FC;\n","      --hover-bg-color: #434B5C;\n","      --hover-fill-color: #FFFFFF;\n","      --disabled-bg-color: #3B4455;\n","      --disabled-fill-color: #666;\n","  }\n","\n","  .colab-df-quickchart {\n","    background-color: var(--bg-color);\n","    border: none;\n","    border-radius: 50%;\n","    cursor: pointer;\n","    display: none;\n","    fill: var(--fill-color);\n","    height: 32px;\n","    padding: 0;\n","    width: 32px;\n","  }\n","\n","  .colab-df-quickchart:hover {\n","    background-color: var(--hover-bg-color);\n","    box-shadow: 0 1px 2px rgba(60, 64, 67, 0.3), 0 1px 3px 1px rgba(60, 64, 67, 0.15);\n","    fill: var(--button-hover-fill-color);\n","  }\n","\n","  .colab-df-quickchart-complete:disabled,\n","  .colab-df-quickchart-complete:disabled:hover {\n","    background-color: var(--disabled-bg-color);\n","    fill: var(--disabled-fill-color);\n","    box-shadow: none;\n","  }\n","\n","  .colab-df-spinner {\n","    border: 2px solid var(--fill-color);\n","    border-color: transparent;\n","    border-bottom-color: var(--fill-color);\n","    animation:\n","      spin 1s steps(1) infinite;\n","  }\n","\n","  @keyframes spin {\n","    0% {\n","      border-color: transparent;\n","      border-bottom-color: var(--fill-color);\n","      border-left-color: var(--fill-color);\n","    }\n","    20% {\n","      border-color: transparent;\n","      border-left-color: var(--fill-color);\n","      border-top-color: var(--fill-color);\n","    }\n","    30% {\n","      border-color: transparent;\n","      border-left-color: var(--fill-color);\n","      border-top-color: var(--fill-color);\n","      border-right-color: var(--fill-color);\n","    }\n","    40% {\n","      border-color: transparent;\n","      border-right-color: var(--fill-color);\n","      border-top-color: var(--fill-color);\n","    }\n","    60% {\n","      border-color: transparent;\n","      border-right-color: var(--fill-color);\n","    }\n","    80% {\n","      border-color: transparent;\n","      border-right-color: var(--fill-color);\n","      border-bottom-color: var(--fill-color);\n","    }\n","    90% {\n","      border-color: transparent;\n","      border-bottom-color: var(--fill-color);\n","    }\n","  }\n","</style>\n","\n","  <script>\n","    async function quickchart(key) {\n","      const quickchartButtonEl =\n","        document.querySelector('#' + key + ' button');\n","      quickchartButtonEl.disabled = true;  // To prevent multiple clicks.\n","      quickchartButtonEl.classList.add('colab-df-spinner');\n","      try {\n","        const charts = await google.colab.kernel.invokeFunction(\n","            'suggestCharts', [key], {});\n","      } catch (error) {\n","        console.error('Error during call to suggestCharts:', error);\n","      }\n","      quickchartButtonEl.classList.remove('colab-df-spinner');\n","      quickchartButtonEl.classList.add('colab-df-quickchart-complete');\n","    }\n","    (() => {\n","      let quickchartButtonEl =\n","        document.querySelector('#df-b08f037b-7d28-4e3d-88c1-57f36b048b7d button');\n","      quickchartButtonEl.style.display =\n","        google.colab.kernel.accessAllowed ? 'block' : 'none';\n","    })();\n","  </script>\n","</div>\n","\n","    </div>\n","  </div>\n"],"text/plain":["               bedrooms  bathrooms  sqft_living  sqft_lot    floors  \\\n","bedrooms       1.000000   0.482798     0.559241  0.080920  0.185199   \n","bathrooms      0.482798   1.000000     0.722383  0.151901  0.465510   \n","sqft_living    0.559241   0.722383     1.000000  0.228735  0.351308   \n","sqft_lot       0.080920   0.151901     0.228735  1.000000 -0.010792   \n","floors         0.185199   0.465510     0.351308 -0.010792  1.000000   \n","waterfront    -0.050026   0.064334     0.101884  0.039220 -0.012500   \n","view           0.032564   0.149843     0.295227  0.055195 -0.013728   \n","condition      0.056094  -0.079503     0.006140 -0.023364 -0.201886   \n","grade          0.380440   0.664543     0.776031  0.138684  0.422261   \n","sqft_above     0.473182   0.655316     0.861978  0.250410  0.550499   \n","sqft_basement  0.272198   0.274319     0.458924  0.011653 -0.272861   \n","yr_built       0.130048   0.501625     0.294729  0.118462  0.398802   \n","yr_renovated   0.045829   0.034624     0.051350 -0.017932  0.031372   \n","zipcode       -0.188933  -0.259597    -0.228496 -0.134003 -0.047269   \n","lat           -0.002473   0.043276     0.128400  0.012487  0.086412   \n","long           0.117745   0.272425     0.227880  0.286567  0.162511   \n","sqft_living15  0.405484   0.617032     0.807157  0.273712  0.289369   \n","price          0.306886   0.487360     0.704948  0.146680  0.239497   \n","\n","               waterfront      view  condition     grade  sqft_above  \\\n","bedrooms        -0.050026  0.032564   0.056094  0.380440    0.473182   \n","bathrooms        0.064334  0.149843  -0.079503  0.664543    0.655316   \n","sqft_living      0.101884  0.295227   0.006140  0.776031    0.861978   \n","sqft_lot         0.039220  0.055195  -0.023364  0.138684    0.250410   \n","floors          -0.012500 -0.013728  -0.201886  0.422261    0.550499   \n","waterfront       1.000000  0.397841   0.053522  0.078947    0.058085   \n","view             0.397841  1.000000   0.089078  0.235101    0.144443   \n","condition        0.053522  0.089078   1.000000 -0.061347   -0.086372   \n","grade            0.078947  0.235101  -0.061347  1.000000    0.754809   \n","sqft_above       0.058085  0.144443  -0.086372  0.754809    1.000000   \n","sqft_basement    0.098874  0.328337   0.163470  0.205613   -0.054825   \n","yr_built        -0.013246 -0.039324  -0.317137  0.431182    0.390261   \n","yr_renovated     0.037573  0.041248  -0.074066  0.001580    0.024989   \n","zipcode          0.027472  0.045996   0.030537 -0.207707   -0.253745   \n","lat             -0.026438  0.031193  -0.060439  0.140159    0.059706   \n","long            -0.061491 -0.094165  -0.158939  0.215286    0.340541   \n","sqft_living15    0.112337  0.317280  -0.046798  0.744724    0.763250   \n","price            0.317311  0.445190   0.073413  0.647845    0.582805   \n","\n","               sqft_basement  yr_built  yr_renovated   zipcode       lat  \\\n","bedrooms            0.272198  0.130048      0.045829 -0.188933 -0.002473   \n","bathrooms           0.274319  0.501625      0.034624 -0.259597  0.043276   \n","sqft_living         0.458924  0.294729      0.051350 -0.228496  0.128400   \n","sqft_lot            0.011653  0.118462     -0.017932 -0.134003  0.012487   \n","floors             -0.272861  0.398802      0.031372 -0.047269  0.086412   \n","waterfront          0.098874 -0.013246      0.037573  0.027472 -0.026438   \n","view                0.328337 -0.039324      0.041248  0.045996  0.031193   \n","condition           0.163470 -0.317137     -0.074066  0.030537 -0.060439   \n","grade               0.205613  0.431182      0.001580 -0.207707  0.140159   \n","sqft_above         -0.054825  0.390261      0.024989 -0.253745  0.059706   \n","sqft_basement       1.000000 -0.103466      0.057344 -0.005338  0.148260   \n","yr_built           -0.103466  1.000000     -0.271667 -0.400686 -0.168763   \n","yr_renovated        0.057344 -0.271667      1.000000  0.097084  0.057549   \n","zipcode            -0.005338 -0.400686      0.097084  1.000000  0.252682   \n","lat                 0.148260 -0.168763      0.057549  0.252682  1.000000   \n","long               -0.147994  0.467419     -0.098920 -0.524034 -0.112873   \n","sqft_living15       0.252128  0.341586     -0.008008 -0.299192  0.113763   \n","price               0.367061  0.016690      0.146249 -0.066212  0.365141   \n","\n","                   long  sqft_living15     price  \n","bedrooms       0.117745       0.405484  0.306886  \n","bathrooms      0.272425       0.617032  0.487360  \n","sqft_living    0.227880       0.807157  0.704948  \n","sqft_lot       0.286567       0.273712  0.146680  \n","floors         0.162511       0.289369  0.239497  \n","waterfront    -0.061491       0.112337  0.317311  \n","view          -0.094165       0.317280  0.445190  \n","condition     -0.158939      -0.046798  0.073413  \n","grade          0.215286       0.744724  0.647845  \n","sqft_above     0.340541       0.763250  0.582805  \n","sqft_basement -0.147994       0.252128  0.367061  \n","yr_built       0.467419       0.341586  0.016690  \n","yr_renovated  -0.098920      -0.008008  0.146249  \n","zipcode       -0.524034      -0.299192 -0.066212  \n","lat           -0.112873       0.113763  0.365141  \n","long           1.000000       0.338845  0.032656  \n","sqft_living15  0.338845       1.000000  0.645747  \n","price          0.032656       0.645747  1.000000  "]},"execution_count":547,"metadata":{},"output_type":"execute_result"}],"source":["df.corr()"]},{"cell_type":"code","execution_count":612,"metadata":{"colab":{"base_uri":"https://localhost:8080/","height":744},"executionInfo":{"elapsed":3933,"status":"ok","timestamp":1702895951133,"user":{"displayName":"Junaid ahmed","userId":"02049395635320812576"},"user_tz":480},"id":"N_DwGdHKTqgS","outputId":"ac009f65-1433-4a8a-ffff-62d15366d74a"},"outputs":[{"output_type":"execute_result","data":{"text/plain":["Text(0.5, 1.0, 'this bar show the price of the house acording to  bedrooms')"]},"metadata":{},"execution_count":612},{"output_type":"display_data","data":{"text/plain":["<Figure size 1400x800 with 1 Axes>"],"image/png":"iVBORw0KGgoAAAANSUhEUgAABJIAAALGCAYAAAAeIrvEAAAAOXRFWHRTb2Z0d2FyZQBNYXRwbG90bGliIHZlcnNpb24zLjcuMSwgaHR0cHM6Ly9tYXRwbG90bGliLm9yZy/bCgiHAAAACXBIWXMAAA9hAAAPYQGoP6dpAACH+klEQVR4nOzdd3xUVf7/8fdMGqkkoQmBhBpAaQGkhSIBLBRRlCbFgjSliewCiq76VbEjgqwIkRakiVgQUVAWlGUVVEREXaREOkhI7zP39we/zDImITd1kvB6Ph772Jlzz73nc6chb84912IYhiEAAAAAAACgAFZXFwAAAAAAAICKgSAJAAAAAAAAphAkAQAAAAAAwBSCJAAAAAAAAJhCkAQAAAAAAABTCJIAAAAAAABgCkESAAAAAAAATCFIAgAAAAAAgCkESQAAAAAAADCFIAkArhFNmzbVM888U2C/999/X02bNtXJkyeLPWZUVJTGjx9f7OOUppzz/emnn1xdSqFUtLqjoqI0a9YsV5eRr127dmngwIFq2bKlmjZtqsTExEIfw+x3rLjKahzkb9asWYqKinJqa9q0qRYsWOCiisrGyZMn1bRpU0VHR5f6WCX5ZxEAoGQRJAFAJfL9999rwYIFRfpLMMqn1atX6/3333d1GZXapUuXNG3aNFWpUkVPPvmkXnrpJXl7e+fZl+8Yyptz585pwYIF+uWXX1xdCgDgGuHu6gIAACXnhx9+0MKFC3XnnXcqICCgSMcYOHCg+vXrJ09PzxKuDkWxZs0aBQUFadCgQa4upVi2bt0qi8Xi6jLy9NNPPyklJUVTp05Vly5drtq3JL5jqJwOHDggNze3Mh/3/PnzWrhwoUJCQtS8efMyHx8AcO1hRhIAwImbm5u8vLzK7V/6/yojI0N2u93VZSAPhmEoPT1dkuTp6SkPDw8XV5S3uLg4SZK